20040
3667
330
5709
14335
29039
26490
25719
15770
14738
2165
2202
25138
9729
3260
5702
1001
4588
16912
17992
21032
8609
25560
11643
31019
20480
17092
21985
9920
28719
4016
28146
19531
30607
19915
564
16910
9198
12280
29964
12199
20990
25972
10452
24026
6149
6585
4141
21905
30935
11171
6295
28705
17154
24530
9023
15567
28744
4687
23
24467
6482
11122
7980
19740
20898
23555
27701
2067
32714
25759
2151
17316
1499
27741
22161
3899
20001
10930
3428
28555
4109
26770
17426
2261
24947
7384
11548
15975
26614
10216
29540
27491
16064
29331
28042
6337
25718
29755
7029
21655
17770
25655
8752
3736
13843
6776
14840
7643
29115
25453
17043
21471
29048
19237
29155
16587
12125
9140
20666
3322
10737
19159
31216
2998
15328
29403
20403
27460
7153
29370
6943
9762
6456
24968
18958
6540
26509
269
16178
25924
4157
15284
26721
30867
23295
14756
3887
28811
17193
20780
6082
11152
19747
22116
8674
13847
20508
3601
16464
29868
2045
18378
14937
12090
923
25433
2986
24967
17201
17764
5734
29950
6925
32589
15222
18353
11913
11862
19745
9374
5949
22025
4060
4401
3187
14807
15715
5131
7899
31231
15880
22786
23681
30641
3147
22121
28923
17523
30380
22417
5607
8389
13245
4239
26517
19968
31867
8000
29184
14212
8414
7563
2563
14098
19119
10470
18121
30839
25242
796
12166
16491
19332
12365
29028
6840
26655
13878
12737
13215
7867
24754
20631
24695
20319
12161
12091
7063
28696
20809
20299
30582
17297
20442
24033
19729
24036
20918
32525
10637
27568
5329
28035
16158
28524
1685
17040
23847
26874
7465
31315
13219
7039
22003
2089
26051
25971
32092
3945
12248
24308
9171
5202
9332
12896
25620
14657
17612
25378
24234
23591
30817
30412
3762
10299
10208
13415
23523
28652
32582
28166
3531
25370
6983
2210
1115
30085
9713
13857
22950
2438
9869
5560
20710
13053
2246
11891
14016
9866
7949
30738
5833
10496
9275
26135
27208
4886
120
10525
9278
15712
21852
6763
16035
26750
5461
1481
11507
30100
10825
17811
22505
762
28540
25867
1674
16692
691
15603
22630
5156
12442
15964
13595
21630
99
24505
21786
17789
8880
24631
18350
4820
18355
21841
6714
27368
8339
13982
1218
2364
4114
23534
16300
17708
20078
8598
26312
30943
1156
9992
3471
21623
8763
23463
26792
29066
29728
19929
12465
15062
15438
28765
8763
31792
21137
18911
16150
11966
4043
17097
13520
21862
2198
1373
3192
32134
23338
9217
1959
14310
5250
31193
20162
7659
28858
31131
21625
14093
31420
24223
4755
21130
20251
29750
1006
10588
1599
26429
32705
23657
2499
22002
23077
8955
22811
4614
28116
15727
378
18675
29488
49
19698
1679
18567
2792
27870
17889
3989
32749
9085
1076
17482
20482
12511
2667
12494
28225
1797
24724
25283
82
2372
8128
1482
24289
23274
5649
18248
31311
292
28948
10090
30632
23583
25169
23398
6614
15214
29217
9476
19220
4524
29888
17246
23205
2914
21923
24803
17093
3370
11532
8866
2784
23829
21467
15558
6658
31563
27047
12380
3471
28145
269
5725
26676
1104
26184
7144
11549
21811
13314
5071
15208
31888
10858
16725
32218
23659
31879
16438
17105
25848
1996
11752
20602
10240
10732
30753
2372
15237
10480
29849
13461
12201
24966
9745
16315
7116
12188
21140
2853
1781
17709
20221
6099
12147
25435
9145
10507
30148
10687
28366
11854
28341
28669
10012
2442
24779
23963
9443
1425
12514
13331
4998
4298
532
32550
12431
4134
3292
8052
31730
24150
29051
25418
15766
19260
2459
8635
1041
12191
32051
3058
180
26914
7850
10438
25799
21111
21055
11919
9237
3024
1192
12088
16556
10134
29945
19094
990
3934
21960
23288
18571
13593
2447
20480
15011
25738
32337
11185
12262
18686
27777
21960
32238
31543
32031
14672
29040
11177
6948
24689
19135
15593
29728
649
25489
25186
27682
14462
25094
5962
2264
19282
7398
468
6135
20727
5418
5799
5341
2917
10431
4240
4470
15851
25222
4211
9820
27842
2975
31112
11842
15080
25063
24003
20626
23083
6079
3732
8021
16772
272
9681
19540
7591
4492
6897
14716
12248
4150
14458
26759
3840
9252
1468
3545
32512
7811
30912
19112
21061
9693
1148
21088
2461
9879
22344
32582
9801
11454
23958
6747
25171
2819
23773
23171
17186
29443
15062
24294
14923
25292
17643
10391
18602
2973
3053
22388
22450
5614
10245
11853
15617
26288
30957
8776
7223
18902
13919
31107
6921
9748
25806
15612
7057
7655
597
430
28904
16853
32749
19709
16887
14326
23266
6228
3722
31923
27272
14349
2726
8398
13866
10641
17437
10403
26435
3264
18015
28845
11248
19603
12435
15179
7590
15103
29159
19396
32
9245
8228
12937
27804
7305
7301
11963
15687
3848
31433
18669
19702
19821
24199
2859
24342
10429
17090
31291
17382
21649
24509
13346
3300
6588
8976
22507
25988
7214
28156
6819
25640
14360
3580
11688
26445
14929
9116
23076
21250
30713
27534
30164
17055
2396
7675
5390
691
11288
22551
7682
26430
4227
17400
8512
21025
5703
29352
7034
32210
15439
7289
1163
24660
18407
15256
20409
14951
26398
13541
16695
9980
21103
770
15598
16107
12705
6058
29310
9448
18412
26437
2687
3508
11101
21177
14604
6288
2940
25474
22914
3063
19243
3589
30597
19084
29137
28193
26948
5202
14264
12808
24318
26651
12724
10061
3014
6467
24582
7742
19331
28061
9343
6003
27194
22446
25577
28583
28816
8473
22178
32199
6538
6491
19594
22345
21912
7352
26655
11967
32466
1909
5351
172
8833
26952
15631
662
993
3341
593
2140
15397
10426
32283
21450
7100
18837
19693
619
12499
20645
26882
3486
5915
4966
6196
4332
29900
29889
28954
19097
18666
2618
15219
2681
28359
8556
12231
773
31433
14770
23115
12462
21613
17960
9478
19314
12684
19410
19762
30380
22237
12314
18405
9008
16828
19328
23024
22423
7977
5261
26375
21208
13332
30472
15395
15641
6872
11117
22821
23236
31237
8859
32188
30172
6242
22989
32136
29074
29234
10955
8064
15379
13239
27746
3217
4773
15605
30481
4487
19442
4792
25093
14385
7331
24792
3144
31680
2609
29116
17973
7281
32760
16157
12079
22124
14990
12
7058
32747
32082
22583
5866
21150
17992
3176
22115
25679
29732
24654
12161
4802
4772
384
26385
26335
16675
9151
27744
13074
26476
12923
21674
28915
11468
15257
10965
8738
25963
30580
26463
14453
27099
4642
9366
18774
3314
6648
25351
4198
9173
14160
29240
1383
21590
4489
20890
2392
7552
1360
7609
28385
20079
4126
23990
25074
24422
5378
17655
29352
24859
24225
15645
18288
30293
635
19510
14958
3001
2416
11060
26144
16865
386
8351
25918
15791
23772
29574
18917
21217
16916
2747
4085
15589
12717
3136
3768
23022
9440
4348
11716
7239
2459
16562
24866
9704
16331
27188
12463
16967
31703
27604
20163
12912
12908
28
529
32600
29056
17087
26318
18030
19089
462
19222
13428
12846
12079
10891
8845
30905
1612
3391
2455
16491
14856
19924
16314
5272
16119
2785
13377
1589
1486
18328
7593
29079
14872
32678
19960
20861
22827
12891
8529
17233
13659
10507
15044
8363
14701
31924
874
21015
79
7904
8114
16152
5382
27085
20214
32621
28391
31692
26962
12690
32266
25063
28597
6794
23548
21958
25144
29404
29876
4820
20655
1244
15304
1693
22910
43
16865
24698
2735
9857
15981
17521
22849
13738
24979
9559
8898
13007
620
2615
27936
31479
32112
17144
22716
15565
22318
20537
30912
16292
30529
640
1459
7096
3967
5268
7754
18359
883
17703
2689
8064
25614
13240
13547
18474
21401
1208
20038
5448
26094
4332
20307
21355
20712
9234
19685
7145
280
3783
21047
5597
26297
4008
13698
18543
3814
22456
6863
25174
23819
11778
6410
6811
30874
30335
13657
3743
17151
8249
10412
16735
27093
16049
9108
8183
26970
21118
1112
12133
4896
1336
13126
18320
27910
23700
6471
32649
31847
10448
25782
12048
20881
12882
4210
10586
26489
27276
24882
5393
11181
9250
19737
1437
17033
5711
395
14754
23470
12165
31550
8905
10928
31571
25748
6852
22543
8076
11816
27020
32361
13478
5542
237
2029
32096
3809
4421
19
16807
17183
23433
11658
20667
6839
25736
2162
28302
1247
28020
24780
12397
29119
21918
18735
3297
13002
18817
6588
8920
13645
25346
8020
31744
19272
7926
19208
20084
30334
19429
30160
410
27080
22029
3200
31307
13486
5290
14329
29237
19768
31861
21916
24190
27650
23403
21509
10666
28303
463
18421
17599
13279
31858
19855
21415
10052
17458
2504
30933
28017
1729
24601
1068
26580
27816
12406
2332
550
139
12676
8206
32320
7086
15111
22274
12848
31672
5273
5494
27788
26039
7330
30602
29446
31333
23428
25699
20289
8106
22294
25549
24035
9057
14932
30500
21484
31583
9557
31092
11846
18097
14717
19167
16284
29734
13811
19263
20592
12814
14421
26637
1384
2880
30123
16770
32745
21858
32666
11003
27879
21604
27099
2722
30204
14158
25579
23627
18615
21052
6915
23452
10294
14758
30794
6513
15607
8933
3914
126
5867
11763
20640
3383
5580
31859
21752
15596
11185
14833
21561
30777
11744
31082
7421
31901
10211
3087
8260
2409
25822
13638
25961
21468
8991
24562
31317
1676
9719
14580
13298
20487
6600
21234
21218
17595
32352
14166
24690
6163
2949
2202
22473
28899
17361
6596
28518
23814
10689
7980
5833
10310
19208
23685
31855
6779
5673
29723
12292
24823
11844
15194
13525
10018
12592
14480
6276
8802
9163
11764
25087
5438
30862
21990
27826
3522
25701
13432
1020
25381
30141
8750
21216
13993
8670
29698
31742
31683
15483
25771
28097
19324
3463
8991
18137
1815
31051
10839
24300
3572
28342
18002
18312
2740
4084
27228
22877
7070
18754
15504
8617
23105
18944
31388
17395
1627
5127
7108
9212
22522
5438
21546
27635
15585
32616
23884
17128
1325
21056
10190
18307
17209
19400
23162
8950
25278
13022
17029
18480
15167
12304
6419
13139
8612
10417
16894
15721
15653
20524
26579
22611
9065
25497
6430
18177
32751
17294
19176
9705
19118
24632
25725
22449
20984
11178
14451
10799
7076
1652
3815
18324
24940
23160
9482
18404
11412
22521
17885
30378
21709
2293
24632
8425
26200
11957
15889
32597
13166
7586
16635
4291
5344
2906
18413
30943
7675
771
8773
14109
18350
29664
13324
18930
22255
3617
12156
4675
602
25088
1983
2846
6939
29961
250
10664
15631
16825
394
31062
18982
21835
2190
18528
13580
32719
28069
30835
24328
19068
19961
18343
3364
10311
19068
9648
14478
5301
31601
26968
15934
5357
15663
31277
12761
20241
14881
17014
22485
11214
22034
32108
2783
13874
24231
13735
4217
11710
9517
2007
8424
32445
26005
32180
9805
5332
7869
5432
30482
15321
16370
18443
3975
744
20402
10047
3789
21940
28598
24381
31476
16412
25136
14335
4192
4095
29777
25984
8305
18768
29198
15473
17251
8301
1828
7982
24946
28332
12633
14064
22338
21815
10245
19780
14719
539
23762
22972
31680
19355
31168
6116
32434
5578
108
14711
18802
13913
28305
2259
29242
19117
3023
4011
31296
13364
17579
5628
8411
12026
14040
3394
29160
13943
21173
15339
4972
11436
13846
15628
5755
30574
9287
10323
20312
2049
16206
30269
30941
232
26225
29832
10013
28156
24056
24300
19785
17084
9268
28678
23248
4836
6080
32405
13258
14657
21255
31464
2199
24771
24838
24727
20675
9172
12116
28786
27949
13800
24927
18103
13673
19285
26872
8584
29794
13158
2066
27547
6212
22698
8134
24372
6553
7058
28827
21840
23986
15163
12293
5411
6216
16521
5931
14277
28771
8053
20205
29737
27771
680
23846
26446
27101
30024
30510
11449
9041
24338
23972
23330
2810
1705
9578
14702
31613
3629
4592
16349
1126
7696
25782
14725
21959
12837
17932
6655
3873
15610
11037
23392
30088
5480
23851
30826
21763
25192
1564
22276
4402
31016
26166
14056
10547
24927
5927
30876
12997
29661
72
20643
4270
18278
24610
15092
26715
24512
3890
17067
6855
21259
24553
29183
17566
22865
16375
32372
2465
31326
32457
1361
12108
19922
23888
27733
19126
372
19205
15014
1466
6601
29738
32266
16212
8422
1362
4185
2893
14210
18467
20787
21787
15439
32091
10222
10755
32139
6161
25042
28288
10449
15934
16521
744
27958
12923
19665
6989
913
2828
16756
20129
4378
23070
8826
8478
6199
11085
21661
3557
27538
31337
18685
21478
22383
1914
4373
2559
30013
11265
28398
15976
23914
5505
13714
9550
11132
2366
3524
6846
2142
5445
29422
31685
12023
21164
31835
6870
7937
7451
18086
21355
29209
25484
4467
239
1810
30286
25948
23772
30607
30288
22063
2081
3025
18844
13654
17350
8397
14626
18582
7378
13442
7095
22781
3949
3209
12893
11797
25922
10990
6597
18782
21287
1342
29970
30203
6656
12769
13792
172
12000
32682
9605
11260
11890
11181
5014
13500
8088
10577
19886
31407
18769
12454
17514
8583
8160
1784
440
15888
3371
13732
21586
25516
6241
9002
21637
9727
12511
17028
9783
25323
8277
19638
7208
26815
26660
14503
8312
19627
3595
25903
1642
1400
7171
10609
10599
7797
22375
16235
32070
5813
29528
15563
29642
16503
16992
3588
23404
13542
11093
10146
7003
12291
25985
25050
28866
26847
16383
12902
4425
14861
30824
14480
22238
11863
25776
20364
22709
17840
29770
6922
5517
1642
19603
16908
4918
11945
1133
19445
5968
6680
17194
21475
23893
12250
18093
1599
28122
27844
5323
7315
31505
24009
23543
19355
26259
7861
18207
22430
21596
12575
18641
17150
28439
16280
8610
19215
16797
8489
9680
10021
18872
12541
1574
15857
10284
20058
8224
17677
4600
6358
6480
32469
26329
15559
18944
2681
4368
25595
15129
31312
4709
7849
15172
9327
25196
22696
20302
24955
519
11999
465
11707
26668
14589
22033
24689
11240
7018
25124
28011
4004
30077
21590
25813
20904
32751
26571
9553
26077
28559
3174
29770
31959
28728
17898
28804
31762
19456
1631
4856
19324
4787
1976
12768
7220
21888
26802
14862
3218
19185
4351
4737
19815
28449
8356
24122
11398
29737
28320
4172
10371
5851
23246
1587
29114
11187
30476
7270
31891
30730
19357
28976
2309
11149
15052
18875
17241
3566
18386
19822
25137
13529
17658
2936
26056
22058
11523
32429
23675
2653
11206
914
20617
4933
6681
29875
17175
31489
28914
24893
22647
7981
30672
4552
6569
31829
12886
20341
28450
19887
20793
8505
14541
21769
10845
29560
10064
24320
31803
24022
14992
22387
134
31562
2423
567
4622
2164
14069
11276
27108
15408
14404
26576
14271
3691
20593
11251
6558
24885
25880
25643
13999
16408
4207
19305
368
10664
5253
8715
25876
5980
5068
5203
25128
14236
13014
25880
24182
3611
1884
12475
11306
28263
30852
23645
3123
1215
29795
1359
12268
24868
7873
1226
32252
14514
23837
23521
7803
20785
25585
7091
4694
19176
10552
7653
23028
15537
24620
8528
28441
22099
25172
7926
5643
32011
10686
27451
18932
5740
16522
30546
18568
30058
18856
18165
231
7601
1761
28249
27077
20795
28
11361
712
7201
12250
29970
1329
21169
22788
71
1983
13762
27110
12453
6608
12612
4219
26322
6602
26907
25579
5346
19129
2094
18258
9746
27962
1466
27075
3769
24471
21741
1933
6267
2355
12976
20668
16064
5417
1476
6371
12132
16432
1296
13337
17329
15810
6201
9538
1418
30845
9844
400
5352
12745
18328
11593
395
17595
2936
21962
27881
4153
19311
19660
2155
19551
14908
10470
17368
20258
9744
20307
16401
1075
8422
19190
23040
7206
787
5275
25035
14036
31774
12416
21069
3326
9681
17684
7366
23859
19856
3838
23761
8179
26602
22113
2199
18196
25198
18782
28995
3173
18368
24539
10166
5010
27116
11395
6523
25415
1785
16142
31229
31128
7106
31683
19447
32673
22785
3131
7981
24681
28333
19815
22106
18189
8582
24277
2409
18458
24302
14126
22503
14906
17146
25092
16313
531
17609
19146
19466
21868
32020
14628
12424
14737
15111
25186
9424
16633
23375
13382
5158
19495
5493
15630
30058
20942
13162
21678
24391
29240
26467
27486
11438
23016
13286
8532
17795
14207
6693
3027
24470
18652
652
19300
19412
17287
5014
22372
9151
7248
27364
8894
27419
29235
27792
32250
31210
8319
7359
23159
17051
15416
14197
21236
18559
185
31406
7509
23164
28573
22186
18852
26117
10208
30856
29271
30281
14402
25366
16849
13227
28908
2536
28971
30579
30806
8871
9267
18371
10088
8364
18101
20428
28896
3789
20218
10305
22515
15223
2447
1036
14903
27390
21063
5441
28864
1072
24195
15952
3209
27440
31921
25470
12822
32386
27923
28822
22616
27234
14274
26331
28369
18010
9202
1858
12025
12563
13431
27870
7391
24172
19849
11164
31507
19401
26564
18224
13764
3757
29810
5711
2342
29068
22285
26143
26390
21210
6144
29164
24577
31336
13486
796
4866
22768
12469
19813
26954
26095
19572
23357
8389
4018
1227
7826
27131
29108
16417
31164
7476
17703
19628
21680
19167
16337
5100
4726
11060
21785
10105
31453
12569
3426
2815
27757
17474
26519
24455
27293
26269
30983
21496
23622
18669
16244
32477
3672
4788
22886
1384
20172
24919
6341
13239
13273
17021
9127
27223
25451
11704
5991
1287
28369
16743
25079
7870
5813
18139
17783
22255
2898
16824
14854
31755
31969
3742
8664
16200
4180
21769
904
21921
3143
20598
16048
10781
21044
13512
28344
1365
30694
12777
28651
20016
5424
23220
15056
18418
6622
29459
2487
29045
16364
26980
31890
27061
28150
32546
12038
32147
7664
25793
29890
17106
7191
19673
12304
25702
12839
14983
30377
1006
4815
3857
30926
21631
6498
6856
24212
21155
12751
13619
3968
15777
31955
8297
6227
13823
1133
15295
8999
9542
5267
18851
13755
21253
3107
19656
10764
19224
14876
16516
5413
31018
6926
12406
4151
7545
2767
29547
6124
32473
15984
3458
30201
32252
6767
32143
26867
28144
14638
31166
32355
21993
13732
24441
21276
65
3667
23179
11724
31421
13434
1925
10194
27666
7051
5472
22607
25256
23775
10853
13696
157
17321
4170
8267
10509
21801
27550
19991
4753
10530
615
1249
25349
9869
22025
23948
14479
30863
5225
121
17372
20393
9299
4184
22445
17199
20761
14142
4499
26363
22909
2551
32758
26978
26065
13725
26972
19815
10589
11113
6376
5423
13057
16074
21537
28853
12572
27060
24054
17599
11436
11067
11006
7697
32694
13408
11012
25824
2792
22315
19394
25737
28285
27642
6381
31619
19041
8472
7538
1938
18837
26769
27136
25150
31958
30789
25798
388
18553
4156
18046
4299
27034
31545
26794
5658
22133
32146
18717
30599
32276
9790
26302
29939
11051
13872
23433
27124
3648
4579
22486
27667
13070
28983
25310
6456
25900
16763
1147
10850
18410
28107
15407
7835
9596
412
26984
4652
14682
22933
2306
5645
31206
22177
27662
7071
9551
18242
19410
18589
5558
31528
24336
18256
8336
13570
21644
26371
1356
28308
22216
8375
12085
8969
32018
21528
20121
5003
19904
20655
3371
14866
13755
32600
24998
24185
6458
16375
18099
471
25040
20327
22797
5132
11689
18867
8419
10138
1041
7305
2686
6071
13109
32235
21027
21664
15150
15144
26427
18991
27195
29707
2737
5296
3662
5714
11420
30705
24523
11617
19742
19608
2444
23096
25739
22457
29224
1955
5838
16552
10869
11952
13833
6412
9547
16230
22652
11061
7307
436
1448
688
18272
680
16052
25368
17861
25058
26127
8494
25928
4935
19031
4652
8973
26874
22650
1367
3861
31112
14619
31700
29888
13922
23863
4796
27793
18065
15880
21363
15154
31141
21545
24117
8632
26350
2556
8945
807
3311
11593
7259
825
1296
9255
16701
603
8083
26912
8205
6905
31689
4752
22725
1019
28806
26958
26863
31888
22738
21134
32255
9514
6369
4358
16870
27082
28486
8528
21988
24957
26211
13712
28574
18214
31268
5206
19568
28543
17901
24262
28420
24667
20176
502
23332
27950
15876
22423
17356
31950
8082
14808
24452
23675
31058
3719
22252
17438
19990
3449
409
28622
24869
17965
25887
29336
19947
10412
10863
9856
18414
5555
32100
24003
5892
14868
2712
14687
9156
14682
3964
18645
10298
27564
12456
22318
22751
13044
2671
2364
6599
11072
12215
12578
5149
14952
2823
31511
16333
17137
21986
22374
13696
32305
6740
17849
23757
16820
29386
26008
19117
13279
31783
28717
25648
13267
11795
32586
6511
30868
3478
17837
19650
11115
28135
7298
14899
392
13182
2601
29490
6380
19824
9786
17034
7302
22780
32454
3219
29596
9057
25312
32681
109
32243
13916
10462
12821
6254
13015
16620
28080
21898
14840
17774
4802
19920
7412
12879
7895
29867
32088
28546
13414
5058
11011
18163
2299
4229
9073
30398
32405
12294
5696
13216
27725
19723
4844
12202
23097
13409
17374
31037
13456
7027
23205
17970
14863
25883
4483
32601
10651
10423
26155
8229
29479
12160
29129
16037
28632
23575
579
20406
25959
12385
22718
31608
22728
26005
12645
5630
29705
19091
30821
4170
892
23672
20540
30072
19992
19823
19764
18489
19741
28106
2602
21635
1783
11089
31380
18823
4453
6873
7619
12260
32474
16409
30565
4122
15140
1978
29005
23873
6987
10157
2679
30715
9404
22977
30534
23975
20390
9333
5905
22487
18597
9738
25310
16388
30110
5597
14701
11137
16874
28660
11385
5038
30134
32471
13114
20078
7337
14241
26158
27355
16328
7254
10265
17976
30359
6263
24651
27942
4993
3028
10785
7451
28538
30626
7630
31249
6371
461
5723
19579
27054
17040
6381
23421
18626
4162
16711
14172
6817
15731
22415
2100
9544
32055
29525
13545
27479
25026
20433
30303
17009
10549
13676
10990
10470
19640
7299
32272
7823
1481
28007
14429
1274
15827
424
19386
19143
7171
19091
28621
26194
9559
16633
25268
25491
8952
562
8694
2370
17097
15970
12217
22846
9792
23547
14390
28719
21365
29827
11115
2154
15480
3736
7951
9238
20712
14641
3275
8845
19905
27686
16551
17669
16246
20979
3011
26224
27200
24249
3911
27297
3253
22661
13212
10415
12444
13525
8157
21662
32256
28504
17800
11324
17539
15862
21626
27466
12021
17936
11034
19164
21797
14089
5844
4099
8183
28165
30921
28072
13239
1776
8900
15803
21677
32451
112
21902
31218
19202
24777
31099
642
2697
29649
13261
16529
13193
20612
4830
20259
25294
5901
4732
26071
12355
826
13457
7939
11447
814
3331
25606
27873
9814
17626
29658
17826
30878
22689
14313
7563
7652
5646
23330
30623
16812
7397
22347
7002
12054
26393
27801
32242
9486
7220
14206
20700
15043
13306
22722
22930
26714
11337
25557
30356
2019
22084
1892
30124
25228
32433
9258
8055
7700
30110
17929
7201
7811
14667
13145
5488
12313
18500
1664
14852
3460
24270
1474
1501
5718
9092
11611
29725
18869
1858
8139
32271
22868
23618
28786
2921
26787
26757
31836
14286
19523
30581
17758
4503
23997
11976
866
13779
14195
10919
24575
28044
27863
9488
4173
12365
4826
11385
16631
12256
11432
11702
2193
20828
20626
21788
21548
14176
6475
2791
552
16793
14168
3801
8010
9610
14018
30500
31246
1164
19726
5770
63
8979
17262
3523
6852
9524
20793
3103
31677
29796
31385
876
4815
12931
18308
21274
7099
24089
26349
11933
31542
3039
4667
17171
24053
22913
17658
24615
19975
32162
7376
10293
12903
6432
30131
2991
27858
11674
5722
5055
2518
23856
241
16429
14124
22410
15377
31876
29767
6172
10223
28784
12589
22952
13268
12139
20358
25348
1997
2968
14834
4381
30371
4079
1440
16956
19469
26011
21021
1672
19237
10400
23401
14797
28953
28609
29264
27259
20515
2977
20215
12786
5819
16680
29110
25084
5899
808
1573
11163
25251
28481
31866
8966
20078
4610
19730
17646
29412
13904
6733
24837
31874
17420
9375
3521
24695
29168
17636
2397
18849
20154
24820
11298
20919
25997
3704
20452
23240
404
22524
20687
7396
21736
22597
2916
15385
1716
8164
31678
31393
27799
6411
25114
23385
29513
23968
4246
18549
31362
13200
17977
4722
10263
9062
15156
23373
30310
23836
16999
16883
501
24368
9255
25080
23126
5115
5695
31627
23118
22847
30004
22442
19254
9727
8910
15506
22432
17043
11731
1658
4414
18171
10006
14464
3584
21364
18352
6628
24701
14153
19598
13172
28564
31212
11052
16711
29011
31301
927
27822
3351
6218
29657
25192
26869
7376
12329
6421
9817
21408
1281
23533
4589
3022
9724
28082
2749
29254
28191
22499
25752
31400
30048
14899
18873
19030
8036
11834
24487
22987
1933
4969
13145
16430
28212
22339
12446
23846
2867
3530
10428
21745
27047
28216
11351
4784
12532
2032
15509
17669
32521
17332
6016
2272
14309
1304
9132
13974
28249
55
16153
1332
18960
6052
30042
30738
3790
22180
24823
19115
10485
23450
15377
20139
25421
18114
25668
28746
10756
290
21970
21721
32500
28606
25085
18330
805
26380
9396
26837
14739
29351
32114
21288
26417
17735
3940
11039
13357
25841
3274
19717
29302
26475
20895
3321
11644
21235
4476
15684
26423
30512
7354
28393
9834
21097
215
8318
14889
22261
2074
20283
22169
9459
23674
7761
28407
3131
20925
2172
28891
27284
6877
20444
17598
14887
28335
8193
14266
25651
24518
5701
12946
11267
27542
9310
25074
17949
1237
307
13304
28605
7463
7151
20210
6785
29177
17748
25962
102
8365
851
2912
13299
17912
17113
28886
180
11401
23531
9618
12266
20204
7157
18975
1409
12461
19039
21013
2370
21184
23394
15258
28746
18208
17690
24617
15035
10167
10972
17042
22961
29822
21193
32322
29048
7397
6563
15301
3068
14453
22752
20105
20352
12980
29437
24549
3475
28233
31253
19289
15936
9056
9394
4120
15238
32080
1251
31683
20744
15227
13711
29304
29700
22902
29192
30731
14217
619
19427
24211
20709
21435
29448
15913
16477
13031
17413
6636
29218
15024
4264
22089
27520
893
22220
25721
22615
19198
22899
18250
3279
16143
20501
21795
20296
28639
8248
23362
32400
11601
21825
1609
26713
21410
19082
13305
25578
19277
15284
4669
1300
16427
12095
12138
31592
21471
28503
24517
29095
20337
1265
7238
378
6201
26903
16027
3939
27647
24704
15984
8948
10336
13668
21486
3903
8563
17294
9089
32653
19373
2739
22239
15443
15618
15106
18246
15457
18765
28668
7428
22109
15858
3462
2109
9840
194
29501
30441
31807
5663
31241
27676
25885
21088
28661
23690
9854
14967
1598
13386
15535
22480
26025
27098
12741
893
23834
16996
24788
27793
24163
11071
31073
24009
15706
19641
22297
1650
25902
14868
451
19078
30715
25294
26995
24089
3227
10534
13056
12275
32448
16859
10425
26495
1343
16695
9044
31204
687
31052
32551
6769
17459
3454
29083
2622
8852
24385
21213
2832
14739
14372
12246
31102
10621
21775
14430
21074
5887
14024
23980
10034
23868
23484
13585
18048
9757
18173
29415
6782
23784
30855
4548
950
12053
15047
31219
12953
3933
26974
15652
17510
28435
5410
14946
10061
8631
10597
15942
2517
7881
30331
29546
22907
5595
17782
14113
5275
2282
22836
9829
29588
24814
156
30481
11560
12464
7716
29009
23073
6620
18582
7510
15418
2135
26901
31054
27708
14290
31323
19347
13160
14240
19780
25890
5141
24772
30352
26704
17818
29263
18916
26552
10094
18409
1555
29048
28558
24237
5788
23197
6175
7226
3700
24283
20565
3078
16389
26754
29843
1782
5750
5293
20948
31020
5165
18364
14409
14881
6802
26117
8515
10995
24342
1223
27732
3840
12661
10079
30641
21171
30519
23743
6107
13470
125
20763
12927
1225
6650
10213
154
28234
64
12796
15328
32534
6205
21537
15199
25111
4357
12714
17248
32639
21202
28538
3214
30555
24392
9008
18010
10859
1790
17055
6301
17713
6203
10111
26751
328
27389
31585
25753
4343
28224
8169
7254
26886
6780
26423
9887
23760
28016
12454
7095
16538
21278
15801
26211
1571
8215
21330
12367
1916
248
31525
28077
29722
821
31085
19487
5162
6933
19165
2263
22052
19198
16090
29180
23203
20467
487
5968
29300
30555
11361
28177
17133
516
10604
27677
1152
14439
2605
24153
3984
5166
6458
32338
11138
8947
16974
2853
21528
1611
8770
27037
26874
13571
21304
3996
31638
25001
18714
16060
12074
10830
21059
21045
24351
30091
4219
9218
32665
8386
32297
19775
27724
25510
21444
17878
6545
3326
24971
10074
23481
31910
12662
5939
14497
32470
1388
7164
30598
27814
1462
25129
25371
13778
13236
13293
29145
14267
29902
10331
18583
1455
18862
19915
19290
1642
1452
21375
12398
2781
6794
30342
18870
16942
19554
13793
30784
12031
25052
4581
32284
499
9380
23264
8815
32110
17948
21247
23491
18077
31822
10095
29857
18359
27428
1219
24162
1922
11739
19094
9794
6680
5301
8817
16566
3819
27374
32239
7936
7
22770
16414
17152
9879
14029
5673
17741
6315
25315
17204
388
5176
28897
25480
23776
31584
17651
27376
23307
26100
28472
25186
30004
27704
23411
10466
26466
3814
10499
15268
26632
24693
16149
18801
32217
21402
28952
5451
26589
21264
18289
27732
19397
1685
16496
13036
7804
26933
7555
19738
31486
5322
4266
26157
23405
26308
24107
23459
26722
25126
18055
20297
21121
29393
19628
9380
27216
30213
11372
28048
27209
11301
5422
2599
10029
30650
31972
32740
6812
3515
7997
19464
31715
31500
32027
13629
23317
9028
28743
24698
29277
7347
10084
11558
8594
3492
7713
7296
18444
28383
26035
18494
28854
22386
20867
11380
1125
13745
23587
18616
30312
6524
22663
23684
8033
29632
17266
17116
14931
28480
18734
12592
14331
18070
21376
23939
23652
15220
13275
20429
23222
4912
15828
25246
25422
15488
26070
14085
22548
642
14359
8112
6921
28927
15306
18260
11040
19952
5783
5712
847
19521
1096
7053
28645
23510
30405
31912
19998
15052
29250
12627
27125
11265
31159
3576
28217
30422
8080
24992
6883
5171
3750
11028
13735
11468
8047
10561
26825
19619
19825
19169
1074
28622
8445
16728
21699
19579
24857
15068
1513
32305
8638
2009
16754
30297
580
12180
415
22012
12314
14350
18810
5326
442
9515
14185
6508
15836
29459
9732
9954
25322
4057
20260
17264
693
6235
9532
31886
1638
23657
22253
11309
28343
28201
12500
9024
25699
16569
20903
23931
11482
6679
25728
8794
22330
23614
21880
14182
13691
27026
13432
1972
30185
10366
14924
25774
28888
27228
9209
17429
32403
14741
22609
8007
27029
21257
3012
22462
20732
20145
22137
17626
3898
15234
28830
20192
30990
12949
2300
15170
2227
9606
27086
3617
18775
27674
24531
9488
5838
21796
6050
28443
1416
16041
25918
26120
1728
31042
10730
11484
7415
31426
19518
30625
13473
9241
30331
8295
29982
7800
3868
3465
7659
5046
8109
19761
17434
17907
7648
2590
1023
19067
19166
15781
31533
27628
7387
17142
7841
30620
26349
12193
16700
31285
13086
5465
24183
12194
704
4343
32082
10799
26880
19138
16269
29931
13246
19437
28955
13649
5788
19809
11220
4136
3157
25533
25450
21928
25169
11419
28062
14558
8822
24854
23219
5714
20288
29065
12835
3558
9748
3736
26514
29697
23505
17269
7168
24045
1961
1372
32578
19838
12335
23648
26035
16373
11952
2410
26151
9251
23751
19839
5152
31698
16428
13889
10821
11360
10445
5049
14607
17069
29984
31571
11718
11832
28855
31786
17836
14212
277
26758
16760
13761
5312
22691
27909
18344
2199
19125
20300
5031
30566
1064
5776
21310
10168
6188
5336
11689
3052
14193
24738
9663
2187
11567
28118
7962
29913
11626
13049
15992
2474
22644
11939
10593
12919
6067
24883
26890
29873
14244
3777
29818
24917
25376
23892
9707
17601
25567
9045
8051
2246
19514
31300
25315
31998
28213
27050
8432
31072
17340
15951
912
3857
11309
25004
30631
15229
8983
17827
14819
20903
21570
14446
10980
3517
12527
13526
11937
1776
27232
677
6919
29571
30107
15197
31203
29473
31852
1834
8705
21363
24489
9750
27541
754
11961
6524
987
9722
14423
447
9211
544
6292
1083
12079
13254
26651
19836
31783
25069
28857
942
19885
25674
2845
15701
16005
3995
2524
20543
9367
7227
21944
3254
12112
23284
7969
14586
17733
11285
18684
24814
25881
27845
28836
19985
3489
20119
14126
15280
28999
19807
12274
7002
30892
14147
6214
32149
22674
31509
15501
29391
16120
12512
11889
30871
23430
4288
12396
18189
18220
19447
31373
4759
3847
31806
15481
5590
26244
7513
176
30681
17607
17646
21777
25232
29006
3223
23713
23939
17361
25142
11912
16579
7021
12937
9820
21537
20738
8702
2466
28319
10458
18376
9874
10788
1931
7986
20507
32628
28190
9011
23335
24158
368
18499
288
5688
8409
18542
19379
8840
20492
30119
28116
12292
30782
1630
11778
28093
17547
4181
17868
32407
7573
9647
23188
7932
2158
18506
29587
21201
27832
10062
4381
12201
1546
23302
18726
5945
1174
4847
3334
30221
8457
27151
31865
23161
10163
21896
27114
30673
16104
24941
29681
27100
27814
12244
22554
19591
8055
28205
25320
31703
16025
13522
8473
4129
1373
1247
13868
27261
11725
22595
31777
25976
11921
30743
20608
32265
4116
3375
12956
2247
7394
7919
5913
18264
29013
29792
5292
29229
11888
2947
20002
2668
21515
6886
15780
2094
1584
20852
17721
14571
16838
18577
10380
25138
17516
23655
21488
31902
11176
24186
5281
6917
3905
22147
9804
20978
6889
17787
14802
13142
27423
7926
22858
12922
12628
27826
19781
1080
25421
20592
26453
20331
31176
22530
21968
16804
610
22438
25809
23583
2232
16018
20608
3317
6861
6608
3219
26770
27820
14668
9493
5994
24398
11052
7270
19432
28349
351
27268
21671
19322
5497
392
7909
8988
16062
31604
15669
23611
11900
21803
18035
18828
26271
23233
8445
6221
32383
10485
3616
32228
10748
26620
2513
26819
14029
9089
21150
14478
29717
25577
11748
16768
14391
27867
15425
7947
30956
17664
29260
6590
10643
27399
2436
9324
21448
23533
32135
13451
7735
20091
27013
31194
13746
18448
23027
14663
19586
28320
26244
20239
9211
15357
10325
7207
21588
30293
24679
25307
18101
4604
25171
22197
5520
24684
5945
25504
18229
12427
11514
28749
5793
17452
17831
8150
16023
16087
15161
22177
31475
29133
19330
1672
13370
10567
16483
1590
2421
24319
26688
30676
11328
30193
29361
742
17182
25443
1402
25967
17935
26915
7614
8284
2405
17680
4463
17183
27347
31195
17673
6811
21703
5391
27008
18240
3065
5711
22134
32375
31556
23519
21682
31552
29110
14439
27854
25113
1763
5619
3631
7203
6526
19005
8763
28032
7210
47
24517
19199
9357
23204
29388
13051
28838
13423
19558
3456
22113
8606
12023
22448
20841
5632
19110
7781
9022
21732
32274
3096
14727
3620
3904
3586
20137
19554
28889
21632
30872
6290
26514
12988
6638
30392
9195
8586
26938
8179
9244
27024
666
7611
29260
14506
14220
10855
4869
9869
4353
31474
14309
27818
14259
22014
2710
21845
14009
7193
9216
9766
19544
9536
956
2463
15645
6049
7116
15376
23848
7077
17546
32696
17355
4398
11487
7213
23892
10782
6837
27902
20262
3608
4015
17302
25103
27530
9751
8291
26325
6635
14872
1848
18706
12609
13101
29424
17474
15079
473
11349
28443
24461
9625
2112
4381
13952
20247
20737
30313
6700
29344
24320
13782
9695
24280
9381
7490
16591
11180
12662
14374
23135
5513
28799
9325
15262
6347
9719
10631
4624
24953
28704
17849
6066
25391
20335
9655
31800
11611
31213
14964
29593
20396
32221
24889
3533
25288
30623
20981
15317
2366
24276
18388
9725
31931
11971
6162
14174
31616
28156
11026
678
10771
22842
2986
25628
15669
13710
193
1246
21
3514
25885
9069
2755
24283
12662
17772
15591
30796
27855
13989
20659
4806
30470
31053
6678
25292
25001
2953
17971
10822
19211
9777
12049
3436
28567
22739
6036
12005
25957
9979
25516
22320
13835
2737
8396
11076
19126
68
29342
13939
24185
32582
14325
19348
27364
1240
31747
353
17113
4904
1996
19998
20379
18999
10202
1660
9256
32224
31282
17340
23241
27926
22664
29975
28903
32365
12975
8286
5408
9691
27987
5598
7066
22464
6378
7046
3223
11557
5352
21324
330
7489
29490
24780
17130
28738
12246
4658
24580
20298
4345
4187
11285
5559
17169
23095
23896
18343
1364
3954
15581
20923
31343
20051
7387
30236
29052
10468
2375
2748
15150
30035
26277
27871
24399
32152
29471
19929
18029
21080
24020
15641
11216
17673
26738
4966
27567
19800
18183
9065
419
24007
12820
21356
19291
27547
24292
1121
25490
11765
21019
27174
10558
22591
16530
14599
18186
21449
29282
19589
20231
15540
23615
11093
16030
9744
25352
3244
32458
26945
32155
17082
13444
1191
10478
11892
30078
19838
25180
8343
13587
30978
7228
19434
32126
16599
24760
11459
18763
9897
5853
2508
4364
6928
7662
29191
24909
2998
13054
23568
3274
7355
21693
19107
20191
4440
6547
6749
29247
10179
11243
23751
20457
27731
24786
25744
14936
18405
7360
26394
10490
19838
31413
22329
14308
2866
27016
23863
20420
25156
13180
4123
2583
10894
9237
21546
9628
9507
16426
687
7944
564
17466
16120
16891
32304
23812
7329
17971
23087
20049
31509
19712
13201
31765
14929
21239
32482
2486
11499
27115
10753
940
27475
20249
10626
18250
27738
12707
30032
7387
1776
15680
14487
14321
16690
15665
14561
4602
4260
27511
14463
21268
28602
16451
22570
15651
27806
21934
15338
19744
5421
13226
30519
1716
25666
6200
1118
7685
5176
4060
19239
29648
31402
29262
31413
6072
20861
6003
15021
17629
4385
22667
30619
3249
16403
12716
20113
9223
23463
5999
23569
1645
15876
21737
29228
25532
9584
1501
31212
3053
16590
303
1008
19758
25956
18332
19542
30773
20962
19113
13790
32469
8864
8153
75
24783
23336
29731
15885
23274
10484
21411
19742
3142
17273
6544
22314
1517
3428
7278
7410
30891
23331
27269
4338
29984
679
10897
1345
29203
6248
29883
28858
3337
32170
14280
3929
14614
9215
32401
25063
20468
10766
10675
20698
14674
13714
29063
30327
7278
11942
17493
21561
20454
16447
21700
30582
31692
16890
27797
20800
8696
28440
22417
17802
162
3782
31424
13707
816
29090
27612
2408
13644
26748
7429
32013
27706
6233
28854
13403
6760
20414
18936
23177
327
16683
27862
20676
13658
18149
17168
12313
10381
5112
22804
8853
11975
30333
10025
22443
12482
3865
31470
6101
283
8646
5379
15230
1957
25558
20230
2336
14083
27445
24001
16042
118
8942
929
18980
14835
26864
18282
30101
10873
14611
810
2597
12449
2390
24428
11903
14199
15210
3757
1145
28040
18293
23828
18935
29244
1040
26717
268
28006
12177
5143
25443
17690
7824
3599
9438
26047
13220
30476
18812
20580
1134
956
4736
25432
20441
10735
18128
4340
10655
11779
23195
30908
32528
9375
14910
5799
22799
15525
15465
31930
32605
25953
32637
19163
24858
9479
13881
22757
26248
13148
10134
18168
4115
11443
26095
26643
1678
28955
357
15076
192
983
14722
25822
8735
32526
29213
25485
14043
28612
28541
26662
28958
11785
7617
4451
2963
1392
26494
30605
29989
16835
24491
16090
27145
29685
17082
9210
7678
856
4872
14061
23507
24336
21623
14359
15914
25544
11097
19350
25981
18852
25233
30419
20318
11894
7412
7255
13059
4148
13814
27105
1793
19370
5506
27829
5208
29548
31529
16438
15024
4879
1151
2743
18914
12952
29378
15503
5306
11829
29629
17771
8444
13867
29164
13289
6308
2832
12257
29538
24690
19002
13030
7174
30630
24183
16612
2351
1289
26878
30084
10735
13612
13990
12947
16363
19956
5462
28587
109
6998
7613
11536
19380
6496
17731
3544
28303
32633
19519
23887
8746
4329
23658
921
15911
22172
27540
11673
20720
9762
13973
11282
4684
6651
26759
19980
25649
24338
16946
14970
21978
31623
21960
3353
23832
29361
10963
15003
14829
27236
24171
5
14423
13679
5036
24918
17514
26473
18535
31593
1185
21934
25112
11548
28278
10660
1816
23474
2352
26691
6164
22134
21245
4820
23998
7585
31808
17656
16066
4222
27948
29677
4604
18124
18834
13069
24808
6500
26359
8599
11866
7708
26858
26034
5487
6890
30613
22703
21699
13389
17553
18575
6628
23272
20991
29381
8455
15472
12244
7229
31994
15305
9076
27292
7002
13420
28035
25290
22790
3340
8695
12462
15059
23929
18034
7224
7810
11204
10960
20389
30703
1188
12283
21246
28298
29464
28935
24802
28427
6990
635
30854
1378
31940
15340
20730
4845
8109
16337
4526
13550
12694
13714
29748
28476
21833
27106
13127
28473
10738
18767
27405
31491
19840
26903
20121
24815
24142
4670
22196
31539
16387
733
19933
7138
10167
22973
23950
29982
13143
24612
193
20873
4170
9711
32691
12540
30036
9185
22760
7548
29627
22587
15215
19561
25513
4493
30311
24569
28626
23499
450
23781
1110
17315
1097
10338
9449
25614
31456
8787
28209
29222
25868
12221
18031
15159
6834
18811
354
18712
12066
25395
31593
8380
1363
16008
28647
20228
31088
32401
3819
14295
17300
3978
5649
23413
30675
14026
28835
1544
18297
24309
8964
7549
26518
29811
1359
401
16570
26145
4411
12847
19453
7750
18242
12281
16706
1992
28418
19237
31421
29600
14051
21642
12723
29323
30458
25850
30849
30466
6957
11987
5600
21357
30872
3537
9575
26772
4656
18726
8530
6230
4262
15309
14721
20637
29071
22299
7108
17041
12737
13207
4437
6668
30464
9227
5542
18766
31962
32475
19037
15603
18639
4502
27805
3106
27061
29387
12168
30982
18011
9758
8194
21890
16237
18074
30135
8224
10391
11081
30047
27979
23789
14850
18497
28863
29323
23683
27893
15165
20856
19392
9583
131
12753
9594
1593
31099
17699
18
2816
14003
3864
28832
21586
30477
12630
14144
29350
22200
11940
1452
25245
27230
26958
5136
7815
6815
24779
30745
26921
21439
29342
29263
13758
23963
8826
9638
20795
28642
11689
27983
12503
22145
28079
17620
2507
14943
20010
30308
5718
25163
23036
876
11269
51
9132
31591
1841
24214
3338
13558
28617
571
12818
7475
6994
5156
31507
4418
28715
10174
6673
30250
3606
12634
30567
739
16372
16608
20912
28849
15056
21698
5352
1456
19999
22832
11471
11695
26950
10123
22158
5441
6749
6683
13725
31506
27187
2052
12260
11128
14738
15734
21793
23114
964
17445
21897
20213
10837
4089
19378
5836
11803
25606
23984
12704
31092
958
31103
27793
8143
1125
12449
24355
13934
21190
30471
16021
10858
16677
18741
31598
14327
12660
32162
23896
26345
12234
17757
4401
12407
4368
8182
23904
12863
27134
18076
28773
4747
29254
21123
32180
31187
10254
8841
7364
17795
18340
17432
7779
22525
27501
25422
19532
10722
26655
1627
18171
142
14640
6187
30144
28129
4495
1606
15635
32069
25745
30196
28455
12780
31534
21668
10946
14938
26989
18318
7243
32036
30749
16024
21797
25335
22214
11894
11579
475
10719
13846
25308
3513
18753
13115
27850
12827
17116
2664
12941
14644
30121
9727
7949
9248
22751
28842
16736
6253
17258
20218
28641
18137
18329
23630
8578
12125
30487
28407
29027
26219
8988
10137
163
16245
27876
4052
10870
174
14945
3108
15991
1044
25389
9478
13632
27054
10690
27485
4920
16146
21741
31763
28077
16427
32128
26371
17955
5433
25672
32023
12267
12825
25662
18861
29687
15047
21761
15168
9964
4385
29060
16196
25977
28654
5892
21841
10984
14110
28734
23940
30194
19795
24798
9763
12248
15009
17722
31871
2479
24722
23104
17695
17403
29550
25005
24346
5248
6329
22145
22213
7765
20220
17839
11150
12346
713
7960
11560
15659
29945
4794
13289
17206
22072
20005
14448
5257
15300
11823
3722
14031
20849
14569
18263
19645
27889
29650
32424
15847
26194
27210
6060
4313
22984
30793
11468
11107
13997
11600
14035
27956
16326
23456
12114
22698
24776
10155
12867
15849
32026
11208
25324
7211
7133
1066
6150
11607
5418
22291
4895
20436
9370
11589
18237
17055
1292
11962
29380
26523
31138
6036
4249
41
26637
31063
25736
6137
26635
7254
9955
4640
27693
5483
4972
3178
26590
25579
24437
3313
5793
11225
23366
11758
18586
24666
17087
15312
22608
29289
319
31115
11697
22476
27844
32563
29271
32327
15443
26313
23305
32527
15770
15189
10885
9857
3540
24116
20860
9236
23021
22196
20447
30349
27110
16350
15193
26738
31612
18579
3869
12480
12292
31195
10465
3040
4506
14201
5930
24792
29562
11971
7371
18111
12718
10160
3496
32371
5098
27699
26816
13454
22452
14791
21355
8085
9671
29003
23007
20083
30394
30993
6393
15142
10973
1330
13627
30137
22884
14884
17169
31602
6855
23950
1112
3660
21096
2394
7968
8359
15223
5388
12721
10559
15634
10579
26573
29531
18865
12766
30005
16199
19906
8561
6511
18179
29072
15416
4293
31549
12905
23643
5777
3197
5888
25810
23736
5280
784
22139
7285
29831
28226
15210
9304
14864
593
23680
1934
8773
25708
30015
21090
3028
11740
23004
26628
28096
22502
17302
28041
9813
7923
14151
26164
13921
8430
14905
25844
15521
15086
18746
30509
17786
27157
17907
11451
17129
13240
20085
24885
16573
22719
13077
10862
10500
22607
32378
4162
11459
1447
17396
29071
9450
13640
10255
14977
32646
17753
22377
20499
3385
1353
24512
21714
17127
16566
8015
10980
17331
29070
15963
22346
18218
23924
26377
10850
12221
8805
12146
20912
25973
30363
27129
14045
18658
8113
20445
20480
21077
25865
14858
17693
12623
363
23605
3819
56
22510
13863
29403
24660
28700
12121
85
4596
32081
4290
29509
23785
30052
20717
8150
23870
31369
26190
19325
2087
7286
5078
5946
32052
13509
25541
24347
30666
25242
17600
13057
29908
27013
32035
19622
24758
30634
26776
9951
24962
5919
13289
6687
4463
20117
2834
8765
15751
13627
28059
12663
31903
32223
7460
13494
12940
15702
23106
11540
21396
28703
25481
667
31779
835
27370
29775
12479
25727
30016
18799
23102
23973
22565
10233
21047
16192
18954
13420
5046
7799
14471
24273
25652
10804
22767
252
2246
23429
10024
12816
23444
1346
18105
29505
21901
1776
31269
6622
24665
9957
9336
6798
1167
22445
2335
6618
18473
27821
15868
26091
20789
518
954
15765
8397
7100
30814
2197
31304
16408
22559
25879
19122
4426
16504
11900
9338
10835
10619
24921
9067
17186
2408
195
19677
24573
22142
24778
16429
4131
23313
31299
19306
32688
4061
11211
14417
24768
28826
3080
25980
28631
32465
12594
32726
6017
26349
4562
28754
30517
31637
25290
20957
20863
31545
5782
913
9567
21483
25041
11051
30444
22897
26875
15295
2876
8600
31609
21674
7048
31435
32733
3273
17292
12515
30056
32232
12077
5185
11981
9341
19294
30490
10808
26519
32324
5395
10895
23825
10904
6414
30200
7691
590
13635
23963
16282
27764
402
29353
17343
604
5143
3229
5782
26621
2048
1218
27600
919
26267
19189
4195
22678
9907
14252
1152
2489
13853
16183
29126
18035
16782
27206
20917
10130
11952
14252
22629
16158
31860
19298
30584
24452
32169
3791
3405
24051
8654
9798
5238
21511
16420
24529
26477
9381
6408
32557
27778
18470
384
2837
15896
9143
27924
32708
8977
28671
18911
2741
27527
29443
25317
13229
1469
4423
15527
5883
24405
31286
8181
5374
26307
29636
18180
6889
16641
2386
24768
26819
1924
8658
24163
30898
8816
16683
16199
27512
4872
30943
20216
7742
17000
19435
2446
19857
10358
2543
6714
27050
24342
25998
10270
32754
30109
18968
25954
24005
6281
13414
5252
20598
24943
4870
30703
9876
25396
29081
24528
22124
18048
29560
18981
28111
2672
24990
18710
12054
15755
20418
9097
32610
17144
7363
25585
2601
30702
21065
18790
15854
19819
10154
20219
1615
10793
11274
15692
26437
10446
23495
31318
23976
1634
9492
2956
10481
21767
8163
32295
25156
18148
32009
10685
1198
9571
28828
277
19115
18588
7072
25914
1259
8977
14563
11982
20053
13723
4390
24993
16717
32676
31357
16002
4658
16279
26361
10069
13099
6037
18051
2406
25892
27242
16395
16893
23059
1215
1507
12595
19584
26256
18789
28419
12356
16609
4572
22180
24721
31661
31394
23574
28466
22560
7301
24572
30996
774
9839
30121
9222
11138
26951
20349
10685
29187
23314
17778
5147
17268
21854
10738
3761
29875
4832
24812
29058
12869
12380
27942
26889
6216
13509
26581
24446
1704
25766
5739
2902
1430
25792
4784
18185
20022
28660
14612
5655
19352
9316
20803
31565
10218
11222
9467
1092
14828
17241
31002
11820
26276
26154
7420
1991
19282
8152
1027
13496
17318
18855
7543
13822
8241
14130
24209
7100
8474
5717
13010
1083
2322
1610
18073
3121
23689
10770
24565
5188
8482
14871
14776
32714
12645
22799
5325
20691
30901
12323
29643
17769
11137
5713
13513
23062
20414
18191
32117
21927
10644
27697
11616
16944
24663
32524
19100
30544
28602
17628
7305
6582
14655
27235
26860
13284
18930
723
1857
19507
10327
28142
15955
7192
16033
26988
8201
19621
13604
20893
22403
23635
20749
21839
7525
4606
11089
8434
18035
8497
21475
17658
8287
25508
13610
23429
4318
19459
19378
12606
11009
30193
1570
30081
11971
30541
24942
13760
9951
22196
5453
10277
6372
19271
25838
2424
31626
10670
26598
4676
26439
8797
24430
18229
13598
13589
27595
10437
32696
32174
13837
1559
15029
15893
25084
30499
21572
18833
23632
16916
5361
13642
22816
12270
12735
29195
5789
5236
17527
13127
14336
3401
7743
18266
19649
15445
10350
17682
22538
362
18335
12910
27755
30504
29957
2213
12239
14110
510
14698
23471
10545
14826
6511
3461
25154
22077
21544
31620
22027
30931
19665
24966
24650
8324
4274
14918
26914
19449
16034
6351
10430
16061
1994
13876
20023
7319
11691
1922
3512
20248
8547
28659
23008
26992
10283
25444
19559
32390
10533
3337
517
7495
2133
20064
28047
26429
13036
10851
26212
30052
16589
28930
30215
32570
20298
16080
10509
30742
31022
9469
26426
5818
4097
3460
5863
31531
31367
12197
4006
26305
23690
10390
8233
14970
27609
3190
11104
12179
5777
898
8418
32346
24219
18315
21646
26430
3702
5544
31090
21032
11063
26664
17388
30734
18382
3274
30478
19141
7562
27441
24903
3862
3552
3986
3136
23829
29032
19888
9221
31406
22568
4106
22885
17537
7957
10066
17307
6384
32471
11810
1326
31093
30669
21739
14357
22073
16209
10798
25887
14307
4669
13038
2706
15278
4269
26469
30226
5567
1799
26614
30149
3509
18489
32355
9397
10625
32066
16192
22134
31352
3572
24487
26120
16550
1784
4910
27646
22630
8466
1558
8160
9776
19878
18373
26831
29873
27772
14710
24935
31009
3776
21808
21226
29137
27469
24820
27546
4867
26667
25147
13414
13823
23893
26016
2505
32355
29888
28377
7152
27067
19354
9451
14875
32081
14543
3742
27973
1607
23762
29487
9735
8162
24218
13126
442
29737
31211
11815
27356
27311
17110
1836
6324
14765
17027
24435
12857
3411
20782
22484
6193
14688
20848
28438
6806
10481
12480
4194
7485
150
20793
26103
28602
9899
16542
17440
23678
9702
24731
16483
13122
7724
25677
18684
21161
14249
18181
20618
29984
19487
8265
25095
17673
14974
31004
12541
31770
6326
1664
31223
4607
14281
27960
18230
15943
11812
29394
28070
20861
23599
16357
22033
10645
7971
6040
26257
17803
9756
10339
8267
15430
7535
23066
17754
6850
9277
15655
6922
28014
16456
32534
7239
30931
17414
2136
12373
25975
23284
10048
14785
25345
12333
27730
4503
1693
25403
7101
17109
26786
16173
22566
6688
17779
26601
27303
23990
9635
29124
19480
16804
20828
5968
21389
27705
4865
373
11807
7866
3346
21956
1008
22103
10064
32519
28265
31070
22306
25629
9158
25775
18232
261
31701
28016
8814
5688
12794
11009
1523
25148
2167
7474
24234
6518
12522
692
13776
4160
7703
29646
12512
19259
8936
5457
18611
27110
690
30670
31724
8048
22202
30470
147
11723
27896
11682
14592
5890
1051
20773
28667
30924
2253
2590
8225
18017
14391
7330
19082
21644
19400
29945
8360
27650
4658
27800
1394
22002
6582
23375
10690
5853
20386
18628
18428
19368
14616
21024
17137
23792
10512
6152
11267
31901
6048
18639
29833
8634
32380
6890
20085
30340
24249
19364
52
27840
21462
30227
12245
27730
22524
22090
26990
20492
7557
19664
25787
9412
8636
13905
19977
24233
23779
27540
5714
30935
13179
32173
3754
13096
3263
628
21209
25165
12914
1333
18250
1566
24026
28585
11812
6703
5645
32549
6070
21668
17259
6674
12824
18246
7276
6557
15375
5846
20380
23471
7986
15521
3811
12576
30027
1620
24586
31784
32000
18450
22139
4886
16819
29892
6728
15172
31398
4272
24687
20554
25955
12878
14429
27506
8027
1366
21168
8044
17101
1054
9537
7235
19177
23331
4194
20368
822
10981
26980
21742
1585
7161
3677
19117
3895
31065
26407
24267
9124
17662
30636
10271
22333
31409
26465
8152
12235
29982
8721
20262
27657
10538
30172
1335
12736
11142
21119
10597
26417
13444
3542
32174
15283
5674
20895
25956
9117
22662
5760
1061
19302
28736
20556
18702
17931
17270
12162
14892
31409
28867
7190
5171
5516
3233
19828
4723
32767
18674
9155
29447
9221
15065
9830
2896
32463
13006
19401
162
18095
23282
28250
31036
10292
3999
4821
22910
24215
9796
25541
24918
11093
5744
1608
15868
28958
14636
11282
25567
30190
4750
1716
17631
4218
22923
30
14012
17613
12813
23651
7630
5171
19781
10429
12279
1110
25667
7121
25559
8615
16580
19252
24638
255
18507
23085
32743
1158
15731
1469
15715
26581
11139
12764
6995
22359
12355
23558
23770
5877
6158
5878
8786
31730
41
29618
15934
15891
29523
31687
22144
25604
13469
8406
9677
20215
11388
17743
29021
10638
11293
17021
1767
15867
31480
4035
22220
30566
25256
28453
32403
4750
11514
17161
22421
16820
18500
28991
24057
18357
1528
30528
995
20086
10104
5043
17641
31876
11564
10550
3527
3580
7123
15962
19539
29865
11286
16111
15283
17261
6243
25219
16589
26850
31992
23589
27391
32064
32318
14191
27920
10114
10585
1731
8807
24004
17149
18132
29819
1264
30851
7016
13451
13209
10044
18781
15759
7207
11781
4586
29294
25141
32027
21288
27761
24375
22577
4561
28152
6752
32448
20551
28012
30659
11935
22232
19572
25272
13523
20800
3948
30593
168
25967
10515
28717
27905
10125
11907
22717
13292
3900
1895
20102
16505
21021
28264
20182
21197
18325
21992
22746
10866
14801
1267
26303
10993
18439
114
536
11939
15871
5282
30592
31684
1235
4805
28032
4041
4339
5912
25267
13555
29035
27396
22311
5669
25705
22424
9479
17651
5369
31799
19575
26107
26132
32142
14016
30584
28377
8393
13485
26132
3098
9991
15413
25598
11034
32011
10585
13885
12693
4916
1616
27716
9985
29103
7906
13766
788
23787
25362
19147
17798
7757
23807
6660
15128
17702
15884
12635
5077
29666
18239
5327
11928
3458
4327
30591
15822
22348
30082
2820
10621
25280
9181
22788
21126
21455
7293
23300
6951
22344
7742
17534
22723
23955
17978
13108
4838
28065
26348
14787
13188
9251
23190
30843
3201
13050
21727
14446
22134
29935
30657
15559
3251
27045
12194
15966
19072
11723
6849
17801
3497
17302
32724
22068
569
16239
6128
8756
15237
11497
12200
13784
32364
16373
25465
21185
222
9817
31590
27892
17051
3422
10719
32302
25405
12233
12775
9080
6521
13
14454
14586
12194
17087
17692
26644
10606
11594
13800
23467
30461
23780
10888
3777
22807
14785
10929
26953
23222
6790
3010
7993
964
15360
22948
1504
10533
24854
18164
21370
32248
12028
26724
32002
18970
6570
16222
9799
27116
29837
22507
22594
31575
31612
32212
29095
23565
26605
19719
1466
23825
26217
8507
7524
20345
61
10455
3718
20083
19827
7952
23949
27270
768
29010
23879
6682
12607
21474
245
4923
18078
2497
5281
29338
10904
25555
20401
21460
1251
15168
30141
16119
1258
27419
31134
3907
15741
3394
22215
14125
26823
32389
5337
1450
10369
28170
10609
20649
5734
31727
11332
10465
14567
11058
4463
31438
12319
10958
24072
16630
12041
14887
2809
11121
5361
11432
2574
24744
15144
20651
8524
15197
19196
15769
4229
10732
12263
19794
13609
4816
31239
17615
8287
25192
17614
28678
21332
9723
30203
13581
5587
22523
26825
25219
6935
16774
22886
15660
26845
5426
9382
4315
13501
9994
12281
18581
11193
26068
3483
20979
22551
31126
12554
20424
6508
11096
18365
24580
25338
31274
2579
30936
13371
361
6282
8475
32702
5183
14641
2029
29746
12905
2400
16282
23489
14909
30630
8129
1439
31723
6659
4789
28130
4611
13399
21027
6036
9015
795
22261
19718
29027
7759
119
14952
22986
2227
14008
5783
10914
16186
3124
20022
29140
23740
8879
25856
10493
9707
22372
348
25272
4488
31327
22066
23839
8407
5416
24318
7567
7248
1185
8739
31148
2199
27185
28033
12709
26542
14370
16713
32698
6762
23880
23824
16635
30243
21476
8995
6994
25264
6087
17947
17603
5266
18363
29873
20467
14192
30238
30675
8679
7364
27856
30455
29967
17107
26704
22191
3459
18402
3617
25981
652
7591
8819
19177
16742
4350
16639
27858
11588
31197
7475
16130
149
10122
3471
12549
21382
23819
26191
11834
27592
29151
26442
25642
14739
27371
16666
17177
9707
8119
30077
27867
5666
16346
5883
1513
18590
19635
11209
7348
28380
23386
14318
6969
10421
13014
12964
30422
17632
6801
27393
4700
27321
27913
8150
1637
4416
17095
20184
17384
26469
18837
32509
17674
4483
7148
2601
16439
24618
11436
10762
4466
25633
6927
19520
19945
939
736
29122
13773
29962
7400
7549
30816
16962
17322
5694
32336
14879
12368
32721
11843
29305
996
3947
24499
16311
28867
24389
28668
17810
6223
9610
11699
1308
28901
21107
3642
3072
18447
22960
24977
10507
13562
11019
30831
18923
3882
7752
28818
26167
15724
22095
6995
7088
28940
24461
12925
24519
8521
3479
20319
27231
23302
23568
22560
15827
14530
22222
22355
28731
5834
19768
29131
6635
22445
21746
28337
3389
19697
24509
1491
15249
6148
26776
26687
27537
6005
31787
14097
9402
13412
8294
23689
29720
9272
24422
31585
28240
29328
31128
26717
4836
26491
800
25123
29875
7659
28796
31565
19391
24167
22116
27325
21555
4609
24821
13872
7845
24968
17935
27414
13720
21758
14076
22946
15429
1868
5458
1565
27291
16949
28442
17535
2692
5769
1585
12864
23146
17563
26351
620
30970
2292
20999
20470
15911
8521
32174
27214
9586
7595
29184
20533
11625
20990
1183
19665
20590
31660
14237
27388
31418
28571
32668
13026
8610
25692
13619
26059
24600
11429
13716
11317
15476
30209
30316
27174
31605
24518
4363
11712
9346
32327
2245
27670
6966
7756
20632
62
29212
23743
21519
8360
23223
26280
1893
16045
22214
30044
17134
1131
3781
23280
28083
25809
29111
13044
15196
29174
547
2910
340
28079
29789
6597
26407
18528
518
20688
30255
530
5846
27117
19567
8646
15001
14150
30399
14089
23672
20977
13866
6601
25466
30822
13460
23655
10315
12599
27807
9229
15419
1531
18640
23362
8585
27275
15854
29372
22754
9330
25771
9333
26661
18078
22151
27905
15977
5468
20976
12062
6465
26243
27054
13709
20287
20974
17278
1824
9142
17968
10749
16661
1988
21892
30152
27554
27792
20227
4578
31953
2769
30746
8022
32142
17296
31290
31773
1278
32302
22737
12609
32275
10152
890
3139
27486
14106
22640
26555
7460
23426
11081
26430
3507
14023
9185
10884
22518
18938
2452
15306
31816
30427
20144
15734
26502
15007
28713
6906
28776
1520
32143
16634
16145
22070
23870
8369
21220
29717
8405
657
6810
31542
32233
27689
21137
3915
16122
7500
7527
25165
16549
26736
2760
28680
20252
27220
132
4826
30676
25830
14821
21944
9085
16739
20799
10097
3127
32192
1992
21303
25603
2377
16298
25179
16247
21640
23639
19288
6327
6248
32029
4627
32416
6298
17914
15713
17478
25912
10929
17866
17569
24488
28701
24973
3715
1732
22470
20963
3277
20023
10674
5512
32483
1322
4222
9336
21853
4129
31661
6390
18176
31263
31807
27091
12780
8465
20357
6637
7446
361
3125
246
28153
25866
9658
4471
9865
31076
14797
16404
16233
4320
23625
28689
29277
4990
21819
2325
2306
25276
1337
6702
957
13499
25590
11798
11505
10909
19731
13493
27765
9777
3895
9702
28485
8914
29025
16766
30583
5516
8829
4235
26737
6273
18230
3033
25434
25995
6668
3003
1998
25635
20902
25863
11478
20098
16745
22371
9751
12805
26697
12479
26953
20182
25055
18979
10219
6857
28092
16811
12597
27524
254
5584
12367
3043
5665
1512
6848
16539
12055
23536
25385
29
15770
906
17459
25021
26049
4674
14278
2067
20177
9493
28284
2721
30294
14132
23381
8887
14707
22021
10156
8084
2167
22123
9065
26062
30896
28487
1401
32244
10372
23871
4219
30321
10685
29630
28604
7347
26149
16187
24678
20877
12883
7359
31476
31962
708
27297
12521
25700
30510
13972
21186
27140
12304
3301
12841
29962
8846
19709
13419
2782
24188
10029
26924
23272
31417
10155
31066
16814
7102
29399
607
1852
18550
5827
12699
23753
337
5619
13329
23959
19860
3937
20064
5915
13043
10180
12534
23646
19297
6162
23680
26787
27943
1348
10916
5450
6451
1369
20211
9972
9139
30109
25625
30184
19171
1579
22871
30134
12323
7857
21556
24602
26445
115
23151
1826
4165
18835
22583
4755
11986
15759
22174
11402
13484
30475
30284
24927
29142
26321
624
14030
24365
17430
12285
15961
30530
20991
23826
9960
4453
7779
25785
4531
29442
7635
23253
11873
2865
18647
17494
25201
3208
7803
8111
32730
22835
12298
20874
20206
30023
6682
18874
28548
29524
3784
29809
21846
3898
21829
19379
25512
27453
25234
7434
27691
9051
28551
22396
5408
10972
12314
30138
27328
10284
4062
22682
8156
17126
6090
9671
16833
6193
24892
32439
25438
18767
14909
9182
937
22643
24327
22562
13118
18387
27845
6286
15689
12031
29081
31818
22439
14961
15843
20683
7752
18789
23233
17991
24024
7659
18898
16492
29086
21306
29248
8017
14500
3655
24317
5293
26136
7318
12876
22855
12530
30032
29316
22189
9943
20631
5136
6441
9789
18710
25787
7665
17361
15324
15403
20894
7957
23146
5546
21215
27214
8970
30509
19823
10653
13155
18830
324
28012
10571
1565
18954
3083
1500
23895
15055
7835
18122
15093
8704
17708
10739
19241
2452
30242
20280
25892
1927
23773
11404
32475
29322
2969
2122
3595
20217
1170
28108
31354
2061
24172
20537
1409
18771
2003
20382
19143
3164
28255
21569
15951
11958
3258
29746
19381
9244
9220
22306
31412
6378
9334
3192
15596
6356
2374
1954
18658
3542
11211
13993
9801
11118
20962
26377
20352
6666
31632
27839
3163
30396
13289
16291
27174
31541
26928
760
29927
25073
4159
11074
5604
23215
5929
13911
15205
8996
27423
10681
